Joao 1 7.500000 8.500000 5.600000 7.200000
Maria 2 10.000000 9.500000 7.500000 9.000000
Kleber 3 6.500000 9.500000 4.500000 6.833333
Juliana 4 4.500000 3.200000 5.600000 4.433333
Gabriel 5 6.500000 8.500000 9.600000 8.200000
Fernanda 6 9.500000 7.800000 10.000000 9.099999
William 7 9.500000 8.500000 8.500000 8.833333
Edward 8 9.300000 7.400000 7.700000 8.133334
Chere 9 1.500000 8.400000 9.900000 6.600000
Vickie 10 9.000000 8.300000 9.900000 9.066667
Chong 11 8.200000 9.400000 9.700000 9.099999
Leanne 12 4.900000 5.300000 8.600000 6.266667
Rosio 13 4.100000 4.900000 6.400000 5.133333
Nellie 14 9.400000 7.000000 5.900000 7.433333
Dorinda 15 6.300000 4.900000 8.300000 6.500000
Magdalena 16 2.300000 5.340000 6.800000 4.813334
Altagracia 17 0.400000 6.500000 8.300000 5.066667
Lesli 18 7.300000 8.800000 9.400000 8.500000
Fae 19 8.100000 8.300000 8.400000 8.266667
Dionne 20 8.100000 6.420000 6.700000 7.073334
Cecile 21 8.600000 8.800000 6.800000 8.066667
Lucila 22 8.100000 7.700000 9.200000 8.333333
Dagmar 23 2.300000 4.300000 5.800000 4.133334
Theodore 24 9.700000 9.900000 6.300000 8.633332
Cheri 25 7.300000 8.600000 8.200000 8.033334
Israel 26 1.300000 8.600000 9.500000 6.466667
Genie 27 6.900000 8.900000 5.800000 7.199999
Carmelina 28 6.800000 9.400000 9.900000 8.700000
Kareen 29 5.900000 9.900000 8.000000 7.933333
Odette 30 5.700000 7.400000 5.900000 6.333333
Ciara 31 3.900000 6.600000 5.600000 5.366667
Mariano 32 4.700000 4.500000 5.900000 5.033333
Laurine 33 1.900000 9.500000 5.300000 5.566667
Lindy 34 6.500000 4.500000 8.500000 6.500000
Frida 35 2.600000 4.700000 8.300000 5.200000
Andre 36 6.300000 9.300000 8.200000 7.933333
Sol 37 7.300000 5.100000 5.100000 5.833333
Aurelia 38 6.200000 5.300000 5.300000 5.600000
Golden 39 5.100000 4.000000 7.500000 5.533333
Charise 40 3.100000 7.400000 6.400000 5.633333
Eleonore 41 8.500000 6.800000 10.000000 8.433333
Teresa 42 7.900000 5.700000 9.700000 7.766666
Valene 43 4.300000 6.500000 6.100000 5.633333
Brittny 44 2.600000 9.200000 6.000000 5.933333
Devorah 45 0.800000 7.100000 6.300000 4.733334
Shemika 46 9.800000 7.000000 9.900000 8.900000
Marina 47 4.000000 7.900000 9.400000 7.100000
Neida 48 6.100000 9.900000 5.700000 7.233334
Judi 49 8.900000 5.300000 5.400000 6.533333
Delmar 50 7.700000 8.400000 5.600000 7.233333
